&input
asr = 'simple'
flfrc = 'na.9r.fc',
flfrq = 'na.9r.path.freq',
q_in_band_form = .true.,
/
8
0.0000000000     0.0000000000     0.0000000000 40
0.3379507816    -0.1759015632     0.3379507816 40 
0.1759015632    -0.1759015632     0.5000000000 40 
0.0000000000     0.0000000000     0.0000000000 40
0.5000000000     0.5000000000     0.5000000000 40 
0.6620492184     0.6620492184     0.1759015632 40
0.3379507816     0.3379507816    -0.1759015632 40
0.0000000000     0.0000000000     0.0000000000 1
