8.15 0.0 11.2
13.15 -0.1 3.0
18.15 -2.0 1.7
23.15 -13.1 1.3
28.15 -40.9 1.4
33.15 -86.2 2.0
38.15 -144.0 2.5
43.15 -207.9 2.4
48.15 -271.9 2.0
53.15 -331.7 1.5
58.15 -383.7 1.2
63.15 -425.5 1.3
68.15 -455.5 1.5
73.15 -472.6 1.6
78.15 -476.2 1.6
83.15 -466.5 1.5
88.15 -443.8 1.3
93.15 -409.0 1.2
98.15 -363.0 1.1
103.15 -306.9 1.1
108.15 -242.1 1.2
113.15 -169.6 1.3
118.15 -90.8 1.3
123.15 -6.8 1.4
128.15 81.4 1.3
133.15 172.8 1.2
138.15 266.4 1.1
143.15 361.7 1.0
148.15 457.7 0.9
153.15 554.0 0.8
158.15 650.1 0.8
163.15 745.5 0.9
168.15 839.9 0.9
173.15 932.9 1.1
178.15 1024.4 1.2
183.15 1114.1 1.3
188.15 1201.9 1.3
193.15 1287.6 1.4
198.15 1371.2 1.4
203.15 1452.6 1.3
208.15 1531.7 1.3
213.15 1608.6 1.2
218.15 1683.3 1.1
223.15 1755.7 1.1
228.15 1825.9 1.0
233.15 1893.9 1.1
238.15 1959.7 1.2
243.15 2023.5 1.3
248.15 2085.1 1.5
253.15 2144.8 1.8
258.15 2202.4 2.1
263.15 2258.2 2.4
268.15 2312.2 2.7
273.15 2364.3 3.0
278.15 2414.7 3.2
283.15 2463.4 3.5
288.15 2510.5 4.9
293.15 2556.1 5.6
